axis（[横坐标下限 横坐标上限 纵坐标下限 纵坐标上限]）
从左至右依次为电压、电流、功率的刻度

左图：
normal:axis([0 45 70 72.3]);axis([0 45 5 15.5]);axis([0 45 480 1100])
LL:axis([0 45 54 71]);axis([0 45 5 15.2]);axis（[0 45 400 1000]）
OC:axis([0 45 70.8 72.5]);axis([0 45 6.5 13.2]);axis（[0 45 400 1000]）
PS2:axis([0 45 71 76]);axis([0 45 6.5 13.3]);axis（[0 45 400 1000]）
PS3:axis([0 45 70 75]);axis([0 45 7.5 13.5]);axis([0 45 500 1000]);

右图：
normal:axis([0 45 70 72]);axis([0 45 13 13.5]);axis([0 45 920 960]);
LL:axis([0 45 55 72]);axis([0 45 12.5 13.5]);axis([0 45 740 960]);
OC:axis([0 45 60 75]);axis([0 45 8.4 13.8]);axis([0 45 600 980]);
PS2:axis([0 45 68 78]);axis([0 45 9.5 13.5]);axis([0 45 720 980]);
PS3:axis([0 45 60 80]);axis([0 45 9 14]);axis([0 45 600 1000]);